1398
555
760
1385
239
611
873
292
433
1139
27
635
1115
168
1300
551
849
1362
705
1029
668
7
1135
1365
302
578
912
1134
1251
1313
452
595
880
1267
161
439
429
1371
1051
1395
745
61
414
854
1143
343
982
690
598
594
379
1367
145
629
471
955
1434
449
887
238
1180
147
1318
329
36
90
1173
564
1024
536
1305
1299
808
1013
308
1221
885
732
9
627
861
557
841
480
558
1413
830
720
1302
181
338
1167
618
875
1380
387
362
573
312
1218
1346
1169
490
1241
677
1231
1263
638
496
741
1131
1317
1445
236
568
995
121
1023
749
392
710
1010
363
845
482
944
624
1110
1109
1212
184
309
1372
129
126
636
673
15
1228
980
831
733
133
1090
934
195
318
212
666
707
1085
218
1312
575
1186
909
440
139
484
494
828
398
1331
101
1247
968
1344
479
1355
1343
1447
724
28
13
1324
713
553
1155
812
87
939
546
228
365
943
957
1315
836
420
1041
574
327
696
1019
265
510
1370
787
189
1250
243
324
1106
945
52
520
825
430
771
785
319
1030
1237
522
904
752
401
293
809
1058
552
1439
659
467
1121
1353
1368
860
542
774
964
1402
1132
266
571
1194
1014
373
291
619
565
1422
719
349
822
258
695
614
137
220
257
242
1406
815
1356
768
1262
1020
1273
914
411
1075
251
1357
273
630
1382
380
1018
111
807
1438
475
223
152
259
953
965
1276
923
715
626
322
1153
927
1146
358
937
556
474
1401
1314
1125
1443
163
1089
1174
1219
1195
1329
645
872
138
1361
548
786
310
814
1039
543
966
992
970
69
503
588
1278
1417
442
468
219
778
1092
1334
453
744
431
798
509
1393
1202
1308
447
330
1363
207
1349
515
315
788
544
361
1141
441
1358
466
229
784
1396
952
130
1046
1332
739
78
417
135
620
416
59
687
871
1288
1068
283
776
1053
679
1294
1144
252
1209
884
334
333
640
908
473
935
868
680
1446
1034
1006
432
1348
396
1163
1007
125
1025
1160
521
351
508
136
1421
816
1239
967
783
92
1341
810
1287
792
1198
106
1060
381
53
1336
1229
156
1310
529
817
843
190
754
58
367
1004
44
173
716
1350
1179
306
408
232
799
149
1431
1094
1168
782
424
42
974
231
281
1360
1164
167
1394
1119
1392
35
378
120
1140
714
75
369
878
866
647
493
1172
186
331
743
82
1286
342
0
1274
1249
1181
906
1279
1200
1258
827
1063
62
1012
1304
455
1003
451
1133
193
550
1059
528
545
394
1126
1048
1162
622
1436
534
524
1354
94
747
956
151
971
295
1270
340
697
290
460
862
1199
154
675
267
1065
1104
607
406
525
1093
25
197
883
499
855
895
142
851
746
317
1325
221
1259
942
1052
958
54
547
1379
1050
95
344
410
400
874
832
206
1099
1061
704
646
124
1400
983
900
670
664
286
530
256
287
1412
245
1272
839
1183
176
1290
599
692
119
192
17
6
99
597
1257
100
435
1264
1424
894
175
791
47
1230
383
488
74
304
386
1205
811
928
1154
321
123
268
71
1224
79
81
1142
26
492
37
300
299
920
1097
489
127
277
169
97
616
632
1243
112
840
1389
397
260
1083
572
84
806
1210
1296
533
148
617
1156
882
1002
196
1435
1281
1175
848
994
1066
289
357
905
477
1151
76
973
1196
413
348
1178
372
131
946
1157
182
829
846
1411
325
225
354
1031
897
201
773
1384
1345
102
104
205
1298
915
425
1415
341
1342
623
985
1145
1032
1124
390
445
907
88
180
591
961
158
579
1009
731
795
1223
615
706
1147
253
1352
1321
93
954
764
1188
1337
740
726
177
769
427
374
642
422
1112
984
65
38
867
405
49
577
421
1000
500
294
63
637
116
684
1333
497
107
1220
179
803
404
110
910
1111
891
1242
877
1150
1269
1366
896
350
1364
230
834
535
929
83
921
735
41
600
55
483
913
606
685
1253
11
890
46
419
279
1069
656
208
569
1177
797
10
1044
385
1327
18
674
628
1359
150
1127
345
586
1028
790
402
134
89
418
1098
399
949
682
1306
517
307
996
1213
585
567
469
113
356
1449
703
1095
519
1208
1206
1293
487
337
1377
1326
456
1418
157
1388
1049
661
1191
1130
1387
501
608
587
975
700
753
1255
513
612
1100
463
1222
280
737
1101
446
272
721
916
987
1397
901
428
198
114
1005
750
1225
1256
1233
485
1414
824
850
757
1113
634
1192
465
1190
1403
461
1138
303
200
657
1105
523
1282
835
436
613
1118
947
538
311
1082
128
650
820
210
1015
541
457
1123
1405
1203
109
217
202
889
729
1330
1383
1084
693
669
766
962
1161
648
621
32
1444
1320
1185
122
1427
1297
1214
80
1158
346
262
1078
1448
320
699
1303
1117
1236
1045
990
339
359
665
1011
823
166
1152
1217
655
1215
21
185
918
1057
23
60
512
1184
658
98
1081
865
370
1235
708
802
581
801
701
1339
643
4
1319
1091
301
879
261
1285
241
1022
8
271
1416
73
24
813
941
335
296
389
991
763
458
19
1116
1070
108
1016
326
1054
328
31
234
1238
34
450
85
1108
288
1201
676
40
1351
403
903
1307
844
1254
583
683
407
911
924
1378
1096
1207
382
767
56
727
602
549
464
164
863
1410
688
777
1390
649
950
1204
711
1261
224
12
818
856
1428
681
1338
765
604
22
1171
1291
886
1021
51
761
580
794
91
263
1323
986
1266
1017
1284
1056
77
511
247
1079
691
472
566
951
495
50
491
898
249
561
1077
1008
143
518
1102
470
1246
819
1073
554
751
297
505
70
804
244
285
254
859
415
730
48
395
977
423
117
539
1373
298
1040
504
155
276
1404
459
478
1265
562
960
507
33
652
870
1280
527
1309
209
366
1369
772
1335
278
1055
671
755
926
96
188
105
1409
1234
1122
1148
988
780
235
570
1137
852
1420
2
1211
313
738
66
194
86
1227
438
1275
1301
605
972
481
644
72
625
736
1283
1071
858
893
869
332
409
1193
969
444
1033
759
498
932
1232
1043
1064
653
1429
641
838
1252
178
959
284
734
660
227
725
976
781
1136
999
132
237
930
264
115
756
576
270
1433
742
434
211
57
353
758
1182
1316
1340
800
506
248
1226
68
1080
1268
355
1423
1037
601
563
526
462
584
159
639
174
1440
899
476
1245
45
140
240
1047
592
651
1432
213
336
67
250
1074
347
686
1114
187
881
255
892
728
1166
1216
391
931
723
847
821
29
919
718
448
1240
1107
559
981
316
678
1035
1271
698
779
805
377
103
514
274
1087
709
214
1072
1197
1430
748
796
582
5
593
540
963
215
191
153
1086
560
610
1381
531
537
672
